y a1 a2 a3(b1) a4(b2) V c1 c2 c3 c4
0 0 0 0 0 1 d d d d 0 - d
0 0 0 0 1 0 0 0 0 0 1 - 0
0 0 0 1 0 0 0 0 0 1 2 - 1
0 0 0 1 1 0 0 0 1 0 3 - 2
0 0 1 0 0 0 0 0 1 1 4 - 3
0 0 1 0 1 0 0 1 0 0 5 - 4
0 0 1 1 0 0 0 1 0 1 6 - 5
0 0 1 1 1 0 0 1 1 0 7 - 6
0 1 0 0 0 0 0 1 1 1 8 - 7
0 1 0 0 1 0 1 0 0 0 9 - 8
0 1 0 1 0 0 1 0 0 1 10 - 9
0 1 0 1 1 0 1 0 1 0 11 - 10
0 1 1 0 0 0 1 0 1 1 12 - 11
0 1 1 0 1 0 1 1 0 0 13 - 12
0 1 1 1 0 0 1 1 0 1 14 - 13
0 1 1 1 1 0 1 1 1 0 15 - 14
1 0 0 0 0 0 0 0 d d 0 0 0
1 0 0 0 1 1 d d d d 0 1 -1
1 0 0 1 0 1 d d d d 0 2 -2
1 0 0 1 1 1 d d d d 0 3 -3
1 0 1 0 0 0 0 1 d d 1 0 1
1 0 1 0 1 0 0 0 d d 1 1 0
1 0 1 1 0 1 d d d d 1 2 -1
1 0 1 1 1 1 d d d d 1 3 -2
1 1 0 0 0 0 1 0 d d 2 0 2
1 1 0 0 1 0 0 1 d d 2 1 1
1 1 0 1 0 0 0 0 d d 2 2 0
1 1 0 1 1 1 d d d d 2 3 -1
1 1 1 0 0 0 1 1 d d 3 0 3
1 1 1 0 1 0 1 0 d d 3 1 2
1 1 1 1 0 0 0 1 d d 3 2 1
1 1 1 1 1 0 0 0 d d 3 3 0
